41
8468
6334
6506
9173
5729
1484
9372
6978
4482
5705
8167
3305
6840
9961
491
2995
1959
4827
5436
2451
4625
3902
153
292
2407
7447
8743
9746
9924
5447
1788
4803
1571
1869
9947
5739
6373
7073
9894
8783
3893
1448
462
7717
4664
5187
7711
8349
6868
5647
7746
2818
2916
145
2914
8723
9741
7645
778
2376
3035
2314
1842
288
301
9040
8942
9332
2786
7586
3947
5962
6729
4518
5425
5082
1332
4549
3548
9709
2704
4248
120
8840
1925
4966
7376
4019
6486
7034
2712
4810
1416
5537
1728
6214
2082
3125
6640
4833
1418
4639
9864
2912
35
4083
2306
1997
2604
5021
8967
7148
9185
6270
5829
7009
5690
5097
6631
4226
3411
9161
8759
2603
5017
3907
5701
4031
2181
7610
1150
9985
1990
4100
3430
1515
602
8145
1476
5597
2428
8037
526
5089
8909
2647
9758
4517
8737
6422
5248
7810
3183
6567
9478
900
3062
8920
1655
7570
6359
7948
863
1876
6483
7927
4041
3602
4688
461
1349
9374
1193
4596
4371
7700
3553
24
4842
8281
4734
53
1999
6786
8308
6900
3788
8315
467
3728
5084
5032
2869
8001
2421
4506
6617
3209
9514
4509
7616
9137
7654
1008
5249
6725
2177
3214
930
6224
1219
5844
3248
5203
3347
3195
919
3093
4562
1183
1587
9852
9503
7448
5650
3684
6618
1036
254
5028
5512
9817
1264
8477
7627
944
4096
8776
2531
6038
4661
8432
386
7958
6191
307
3382
9404
1760
6452
2634
4776
561
836
3156
6874
4886
9133
8951
649
664
4368
9906
2409
2793
588
8918
289
5699
3557
9018
8436
4935
5075
987
2600
2510
1559
7427
8141
4969
3683
72
5539
6708
5002
872
4758
574
7668
2299
9201
4343
126
1817
4169
2154
6317
7488
576
2232
2368
9298
2033
860
3434
6856
7441
9512
1075
8371
2342
3753
6453
2738
6595
6630
7005
2848
3189
7758
510
3272
193
3845
3297
1070
9932
6434
5148
6613
2787
6400
8448
2036
2324
1345
5786
2602
4313
5037
2211
739
912
1153
1832
1639
9659
8454
9021
260
4350
8688
481
4144
3908
936
7129
2161
5535
1172
1535
829
2408
2389
7024
7173
7621
762
6894
623
4745
1395
3560
8313
4474
9761
2168
4397
9167
286
8340
7391
586
3625
7249
4414
9314
6602
504
6656
5156
945
2227
8860
7487
9091
7518
8177
8173
3473
1763
2668
7596
4390
3102
8480
437
9764
4802
4099
9597
2625
1543
1924
1439
1223
3479
4600
2263
8274
9833
8439
3573
3456
8492
142
7650
2573
3494
7900
51
8360
3281
2279
4706
9645
235
2150
591
6642
9338
4667
7285
9983
140
4141
2695
2522
8919
2125
7480
9723
3566
7212
7827
3380
4678
3511
4771
6406
1018
9390
2047
4082
2800
8554
2464
1926
9010
4757
3586
1261
50
1652
2519
3712
7164
5109
7882
7567
1011
3487
1029
4959
9586
6601
5629
3395
6403
9502
6902
5455
123
5586
3737
3758
693
4022
9766
8260
6202
8116
5030
1336
529
2292
6411
6565
2173
2542
1326
5437
1730
9734
4940
1885
9180
4348
2460
8234
2
8101
8365
3532
2003
1200
7114
6439
2303
3291
421
9663
6477
5108
2185
5424
877
3928
5000
3510
3535
8470
493
6540
2749
345
3383
4003
6072
1003
9375
5038
1664
4326
1626
9357
8526
3916
1017
4393
4993
1050
3460
3587
1315
679
3285
9265
2155
5183
5567
5275
5377
4565
6559
8932
3452
1592
2633
7543
3584
1483
6654
7557
2629
4956
3708
2963
2607
2483
911
2228
661
4038
4675
9457
2223
3340
4954
6511
3945
1381
2667
8430
3221
9765
9443
3761
5815
3616
5074
8011
3507
3931
2809
3351
1637
7772
5556
1993
798
6951
6962
1173
6507
300
5041
7270
1115
6117
3774
2095
8879
2782
1696
4589
1752
9082
216
3314
682
9313
875
1362
3464
610
9439
5581
62
2648
3821
5137
1348
7798
653
404
813
2589
7310
5806
677
640
9315
8070
3376
9914
335
9876
1862
7605
6608
2854
525
3829
5127
1962
9487
5997
8229
1599
6925
3676
6467
1596
7501
3301
9189
1241
1981
6077
9318
8683
8213
5382
7216
5601
4788
6458
2670
7830
133
4084
779
196
6204
6384
6287
5265
9818
503
2645
4089
5706
2363
9529
3605
8925
8959
2884
6984
7619
2359
7591
6704
3996
9232
750
6663
4975
1539
303
9429
2566
1982
4320
4385
2971
8603
9438
1816
3029
941
8290
168
1769
6009
8519
9289
539
6695
2865
46
4753
7018
9615
141
359
600
2652
5994
8676
9668
862
2058
2199
7870
5191
3527
2370
8511
4787
5565
28
9781
6899
2088
2943
3416
3969
8025
5049
4681
1588
2127
608
4421
2797
1758
9466
2470
4938
690
7949
3638
3022
7214
748
8665
4536
2385
8837
4635
5989
7038
659
7243
2032
6557
9585
3359
4693
6392
4944
5770
4950
5177
7047
2663
1995
9353
4193
319
232
340
8790
4996
8075
8742
6972
3689
3612
6738
2094
5441
7845
6103
4918
6705
9892
2335
1059
2622
7409
6881
5582
1682
3358
9238
8256
6652
5640
3397
2190
1355
2727
1131
9088
8700
5485
2011
5223
4186
9898
1650
5662
3368
1761
1222
9744
4323
4880
7262
3981
5454
7179
7511
8059
5135
148
2005
3199
4213
8877
5798
1858
9326
3094
7747
5830
5937
4037
6157
9211
9316
2331
8703
5800
3561
1189
6750
1282
4556
3386
2220
5402
6923
3831
1187
3878
2081
832
4445
5799
2748
3777
698
9617
3311
5445
7155
6698
5589
3646
5938
889
6410
4245
6234
3438
892
3959
6493
9863
7139
6809
1680
58
5639
4911
8146
6059
7158
6443
7815
222
3039
3056
2135
932
1954
7037
2616
9186
6684
8380
2686
7867
6541
9960
1679
8072
7824
5001
788
5909
66
2860
9611
8053
979
3913
6763
1723
3313
9225
7138
6734
7200
5071
9482
3938
1071
2317
4837
8125
5282
5132
2803
666
6620
9391
2598
3309
9187
4686
3071
1114
9786
8667
1528
9306
7864
2433
8405
8826
6816
7516
753
9363
2120
717
9866
1340
5686
6021
2679
9963
6064
2369
2457
8924
2942
8148
5991
5823
4843
1507
618
4806
3299
350
5602
5009
6377
5553
1012
3212
8708
6194
8891
9296
5642
3334
9451
3134
2293
1054
7443
5758
248
7491
4765
5131
3279
7495
9755
6838
2881
6995
1052
7393
7479
366
8553
1116
1933
8727
9989
8989
3338
7462
8779
3232
3097
1146
546
4115
3925
1727
2701
9610
4056
4098
1085
2550
5687
7278
2977
532
2630
4974
540
1597
4575
8762
9738
4532
595
4718
2099
8032
9399
128
6440
4449
8897
658
229
6740
2051
2896
6260
7390
9840
2907
792
4597
5111
9601
5388
8714
315
3436
1819
8638
1044
6203
6773
2651
475
6747
2794
9737
3705
905
601
1833
2379
5301
9928
3691
8612
330
5358
9968
5480
5221
2059
2037
9603
641
1278
3547
7636
4182
1635
5065
2267
1455
2505
4499
1167
9356
2623
2162
1137
7944
4075
1621
7085
324
719
2174
8194
8938
6180
1930
7572
6249
5821
2720
1185
943
6166
1941
9481
8419
9226
3805
7585
7408
5029
1615
2609
2260
363
8091
7273
4709
3903
8898
776
6793
4366
4790
382
982
8449
9646
1848
2146
8842
4416
8926
4558
5986
8843
7829
6715
5764
874
1364
6126
8821
4460
474
9169
508
8582
8009
9832
1022
8073
3900
1302
7950
7581
754
2481
8962
9944
5925
4672
5912
9795
5967
6904
4415
1908
8474
3011
9675
5204
3251
4319
958
5945
583
8166
9130
9413
218
4315
2327
4354
4775
3447
9889
823
9039
3147
9939
2405
773
3999
536
4574
6055
500
8896
6028
9849
9234
210
4324
9910
2253
7258
2933
7534
6969
5254
9183
4581
6084
7783
8126
7727
3326
7172
9816
8736
1311
2332
2714
5545
816
7185
4168
6859
379
3939
5129
165
7760
2111
6286
2106
2512
1454
7191
681
1437
2917
365
2447
1290
8130
3632
5492
7565
2441
9182
5212
8442
702
5702
9396
7930
164
2237
8023
6211
7940
2861
8734
3390
5357
9698
9735
7926
840
1670
6593
5651
2258
7213
9788
8503
4008
2742
8610
4472
7128
1166
5841
3454
3503
6237
7607
2310
1881
631
5500
8637
1352
2592
2661
203
9223
3571
3044
2257
2205
6365
6236
9929
1386
7833
9566
4722
227
322
3677
9324
6634
6766
1735
2610
3000
3239
4698
9280
7328
3570
2776
5468
4612
9327
663
3059
258
949
7208
3264
3497
6079
1906
4855
1104
189
7523
2660
4923
8585
2705
7330
2920
4181
1493
2718
1423
8565
4919
652
5452
4369
6861
9400
4928
899
5411
8483
5538
7492
6193
2596
7909
1560
9555
1840
5856
2785
9583
5908
1719
3165
4851
4670
5010
4502
1368
5363
742
73
3127
1620
4435
5296
5689
2734
6582
5052
9748
3370
920
159
3449
4404
553
9329
1457
2419
1693
9465
1477
6858
7074
8984
3565
5214
4104
2007
3246
2552
4387
5657
8182
5216
2934
8456
2741
8718
6813
2862
1903
6968
3633
2414
2599
3160
4680
712
1577
5903
7135
7240
3517
9246
191
241
1928
8297
3523
6336
8669
4205
9976
7296
1447
7210
1711
5113
8128
9463
4287
8692
6807
7161
9554
2678
7762
9198
3989
3330
7112
9224
5157
6172
8866
4585
7514
1722
5055
2747
5973
480
6748
8643
2547
2144
8768
6269
1212
6195
4617
5874
7360
7039
6054
9058
5412
665
1390
1677
9215
3796
789
236
132
1069
5975
8757
125
6355
8394
9886
7686
3065
1838
2513
854
4172
4268
70
5737
4611
6744
2445
170
4781
5092
9671
6149
3333
5472
5430
8719
1837
2265
8770
7980
3364
4882
6658
9355
7231
2187
9160
6479
6321
6538
6223
2697
7460
1273
5532
646
5079
5315
2562
119
3455
2028
4522
4860
4167
9220
6268
9644
2503
5717
4014
9865
5843
5400
400
7470
596
1234
977
7761
7601
2089
1630
8882
3034
1774
4839
8320
3736
916
6922
2300
1643
3889
8153
4901
4747
3693
3270
697
6450
6476
9624
5876
4211
1400
5716
2254
6607
6611
6473
3329
1550
9140
1181
8462
2699
1492
2027
851
8698
2529
8423
2112
5174
4381
8247
9378
75
8387
7484
5147
9650
1027
6581
7140
8536
3004
630
1717
376
2206
2319
1600
3396
135
8822
7136
7251
9398
5281
1434
3695
4159
5073
4015
86
9773
9843
1372
1130
3832
8699
8996
6937
3524
6226
2681
4162
4196
1759
7558
2653
6085
318
3580
1331
7267
139
5197
6694
6262
4360
1341
3348
1708
7152
5554
2030
9004
3413
337
6609
1138
9086
406
7768
4335
2957
9459
542
1087
5366
4942
7355
5068
6987
3181
4875
150
2771
2546
4065
4
1289
1060
4817
7456
2545
9882
6878
2685
5321
5612
3964
5379
4872
8106
3656
3343
6201
2495
7886
6675
5027
5522
4588
8744
9239
3892
4210
670
6979
4750
7415
4301
4079
2116
3402
9366
8013
3699
7720
2316
1164
805
2115
5725
4071
9753
5393
991
8966
1506
7905
9564
7375
5244
6569
5648
4768
1836
2643
6743
2356
1929
5340
3927
910
7052
7740
401
9136
344
2813
9656
7055
8709
7124
707
6683
4396
9552
7322
4349
906
9841
3138
8097
1009
5760
1886
3331
2516
9337
8534
21
1684
158
9142
8645
3023
7489
1601
1426
5179
3335
4650
3169
5681
5303
6430
5771
7993
4799
488
2461
582
3652
656
7841
7744
7893
7042
1977
3901
8453
7725
8935
4157
6805
7229
4484
2698
4769
6227
9317
4889
1594
5333
98
3276
5175
9454
7679
7848
308
9288
5067
1811
5023
4275
4055
7463
7831
4978
599
5006
8745
4021
8159
3031
4871
9222
4883
8604
7943
6741
818
2871
2955
3015
3763
438
2669
8953
511
8516
4960
3545
5561
6183
804
6811
7372
9854
4968
9200
4717
6696
5464
7604
7529
8117
3175
9571
3731
4325
5247
6329
7721
8508
1393
7419
2586
495
721
7013
7788
5130
7003
9525
3393
735
7277
3880
1608
4655
3822
8993
257
1338
144
6304
7363
8305
634
4623
8819
8506
5752
9999
2330
5784
4277
4632
5190
2888
4987
5514
2853
8847
5750
4543
3422
8983
4225
6728
9844
5696
7292
8749
2845
585
9716
3489
2333
3855
9649
1604
7188
3741
230
7075
4526
6168
8048
6585
8646
4832
4333
2393
4779
7007
299
295
4797
9560
367
4703
2801
6156
9830
6929
9294
6039
9836
3432
2136
4580
6949
5907
5336
4305
797
3027
4636
6284
9382
412
458
7144
7244
3591
7981
7876
8997
8597
6985
3053
1251
8592
2191
3296
470
2677
1695
6139
876
6101
5291
7849
5833
3942
9701
44
7832
171
8171
4694
741
1093
4007
1023
9673
1191
6363
7349
2702
830
8500
1516
9719
473
147
1024
2673
3531
7080
9053
8529
9672
5534
8268
4153
3521
2680
9619
3131
6017
8812
5012
9295
6860
8096
9759
7978
7811
4701
8531
1041
3332
5345
8309
8851
5865
6982
6100
9526
1512
1554
7698
6546
5385
1570
8170
1628
2480
628
1578
8864
6487
9784
152
8527
7531
215
225
7137
3352
3388
9431
7450
9803
6272
2358
5953
9209
1775
1221
151
2690
2346
8064
3585
8615
9422
893
2692
9159
7875
8333
2928
9068
4027
3408
8491
6063
7682
9598
2352
1873
479
1953
1555
3428
2222
10
4422
8242
6135
2458
4587
1196
6650
9756
7648
4640
4042
9731
643
1847
7469
819
4380
869
7204
8995
4545
2114
4561
4239
8240
1691
4846
3318
5154
3529
560
1086
3657
3730
2244
3101
5307
8964
845
3146
4076
5562
2998
6526
8867
9122
5869
6667
2768
7103
8689
2498
8217
5318
6798
7931
1563
2671
2130
1584
8481
8513
1776
9576
5438
9567
4480
8152
9508
5220
6907
6934
3680
1359
8497
1451
2883
1662
3502
5165
4024
4376
3630
7826
2759
9437
5812
3917
957
1892
6010
8250
4063
65
8572
6932
9570
7996
9473
6093
5350
3277
6913
127
3282
3826
4520
6407
9978
9804
6677
9129
7858
3182
415
2247
6459
8203
1520
4656
7685
922
7318
4964
5339
8973
1595
2159
9336
4364
7011
5703
567
3133
1246
1431
9900
5780
5566
8051
747
7385
2973
5116
8169
2233
4337
7694
1949
1497
4399
6369
2806
796
175
89
3921
3271
8310
5142
9742
2128
2138
3085
530
8099
7812
205
7540
3610
8786
8270
6792
3760
4286
5332
2879
9115
4367
3295
5802
3967
8216
9221
76
5352
6292
9962
2147
9826
7718
7985
9995
263
1919
6316
726
2401
8341
5180
2815
240
7757
3642
1045
5360
7421
1961
3690
5504
8775
1967
9284
7498
989
122
3879
4086
3589
695
669
647
2930
2784
2774
1940
5019
1443
1731
9051
217
4434
1839
9922
9676
3850
7846
9192
793
7822
5609
7608
648
9349
2514
2337
6398
687
4754
1032
5427
1162
7956
3074
8111
7195
506
5158
2549
2339
5255
2855
9384
40
3818
1851
2951
26
2559
8357
34
3891
9986
8841
7990
2886
7775
7483
8869
6111
689
9855
7678
8863
1274
3700
4755
3890
5658
9938
1813
914
3966
8014
3872
9087
7689
6947
6646
5931
6478
3406
2497
6315
9622
5045
5834
8818
6385
2520
5459
2372
2736
4856
283
5873
1410
8581
2737
7512
5974
9297
5444
9016
2264
3482
7532
2380
1825
3820
6125
4712
5591
4998
7612
7162
8286
8161
4659
5730
3508
4229
487
1810
839
3559
5965
9287
3394
2341
4789
6845
675
7012
8726
6350
7828
3817
4637
3542
7354
8561
9515
9973
5306
1401
1666
9625
5349
5918
8706
9901
6326
3911
7434
3260
8303
8870
6724
3784
5506
564
6674
8434
3660
9946
684
1843
357
2118
6605
6510
2944
7680
821
7058
7475
2906
7881
8366
9452
8147
9065
3139
1623
6915
700
3187
841
4715
8345
5169
7818
5664
7371
6089
5093
2158
4469
7496
5227
4441
7836
2969
4920
3427
9636
336
4820
6862
3237
9808
4563
188
9092
5056
32
1001
6853
1088
2074
1091
5767
737
8196
6451
704
8895
2504
3562
621
3431
5756
3215
5894
7816
9916
7821
981
1148
7765
6742
7796
409
3480
5614
5181
4135
6366
1793
2438
5293
3513
8008
2290
378
8600
2556
9643
8386
6882
8574
6491
7239
6192
3141
9402
2554
1988
7538
7779
8413
4430
1751
968
9270
7056
8858
713
3150
5205
6533
6134
9770
7345
9806
4298
8567
351
2544
9706
2311
9090
113
9085
4591
5934
5893
7851
725
3238
7641
7936
1741
4230
9368
8865
5507
757
3086
3703
1360
7609
3223
953
1790
8304
9957
375
9441
7093
1235
3694
8337
6309
9553
6266
5958
815
7070
8030
3534
5469
3603
3833
8620
8259
9979
7305
6735
8336
6302
5040
1762
852
9492
6804
5961
8427
6991
6983
3624
8243
5471
9595
6248
1139
9651
9505
6831
489
8601
3495
976
5050
277
4163
7918
7544
94
972
3179
8931
5536
1259
3837
2959
4629
42
6780
8039
8110
6212
8975
3154
9081
9777
6247
5409
4124
9166
6933
4278
6768
2822
1994
5891
2524
2149
2739
2564
5528
383
9654
4798
9158
6641
7510
4417
9030
7554
3873
2334
2827
1334
9997
7029
5369
1824
4876
4590
419
8988
9229
5866
8369
6836
420
7560
6379
3815
3623
3789
361
4261
1149
4312
902
1081
4206
268
9884
2540
6078
5043
1430
5123
6464
4074
4346
9926
9309
4000
7865
2084
3385
8264
5820
6461
9484
3069
8659
114
7186
3103
1307
7087
2844
9015
5736
7651
1441
5936
612
7028
3121
7282
6892
9347
4424
5335
8992
1883
4142
7889
110
5230
8044
8144
1429
1242
1866
3687
6106
3477
2993
4516
6238
7295
9535
4941
4592
6143
4437
1405
9767
7378
7477
1590
1383
6627
7094
4652
6332
3954
2500
478
4489
5551
8422
1350
5499
4646
5814
4191
5927
545
7026
389
1629
6300
8876
7935
4433
6782
9498
9370
1765
814
7324
5106
5277
9446
5288
146
7436
3459
3417
3549
1214
1389
1667
2354
9769
5673
2270
9128
4257
1860
2208
1984
1171
8363
8205
4985
1897
895
8376
7197
7914
3564
1834
280
4663
6525
3608
7089
9231
4133
4177
5280
2593
7506
768
2518
9191
9149
4123
8752
8301
8679
6097
2585
9551
925
9875
8230
7474
7771
613
7777
7433
9424
5628
5809
974
3936
9207
1232
8724
6120
6552
9275
1072
326
5584
5981
6253
7020
835
8533
5039
6693
5794
5401
1263
3898
519
7934
2193
1048
9724
5846
1736
1030
4235
1127
791
9110
8517
1291
6826
7097
2340
3228
7493
752
6558
746
9632
7791
9046
5831
580
3537
9704
4118
2927
429
2615
2415
4857
7293
8854
3293
642
109
5855
9822
3444
3667
4010
2384
9941
2491
865
6758
2053
4280
1107
1322
494
9268
1265
5922
3439
390
4439
8188
9542
3860
7358
516
2096
6442
5450
6596
440
6433
3522
2758
5330
4907
8475
3588
5344
6877
364
4888
9162
7032
149
441
9950
6007
9689
3659
1363
5788
8016
7338
8162
1777
9623
8330
9009
847
253
517
9600
2631
2811
9025
2872
2152
8054
4331
7315
3935
4740
4508
8978
3779
8802
8306
6342
3202
3988
4398
20
7872
9394
4411
354
9059
6647
8881
9565
2278
4949
1446
833
5693
6515
4174
3615
3049
9267
348
7255
4456
2682
2766
4087
2198
3552
5524
3854
4300
5355
6897
360
1567
7062
8832
3995
2083
7482
6918
4473
1111
7485
980
7271
7613
635
2948
8769
1646
5906
6980
929
6188
3207
7646
6225
5224
7445
3435
6475
1102
3582
2121
1882
1773
4403
5718
3107
320
4759
2636
5285
2842
2016
5741
2403
9001
7027
2351
5225
959
1414
838
8894
7964
837
1480
9528
9475
9360
1325
1445
1159
2167
4476
5031
4972
8780
956
5258
8232
7819
8596
6206
6824
3346
6252
43
2070
990
7146
4327
8235
8631
5120
5779
4374
3859
4641
5646
3461
1465
9421
4559
9138
5354
8754
1312
6027
7938
9319
5048
3365
8732
5860
8362
2984
6855
5941
1016
5289
5117
1051
408
3943
4567
3977
2367
285
4051
8212
4091
2850
9813
6482
4001
6887
4400
5386
4951
1402
826
2769
3904
3594
4285
8251
3123
5299
2139
5090
1267
3751
2019
7622
4900
8356
7809
7223
7370
1421
6822
9392
1799
5948
3405
1201
3328
9923
485
1768
3300
177
3066
4648
4107
1408
1474
7228
1392
8277
9857
4378
7178
6545
3808
5695
5902
9807
9343
1537
426
1767
4651
8640
4511
6141
1910
5558
228
8267
9527
4925
9066
8963
2397
424
3425
287
9653
8198
8809
2967
1369
9344
1158
1014
9927
484
7594
4927
543
1293
2632
234
8986
4737
9802
7799
2838
1549
660
6857
8296
4407
3006
657
8019
7615
264
156
6463
6508
7976
9574
8661
6231
7325
9545
8552
9109
6421
2186
8086
3113
4982
7789
4529
9278
8670
9774
3662
4630
9071
5827
8351
9951
5466
2097
5317
4073
372
4510
8359
7373
6341
1796
5210
1231
4736
1562
7723
9043
4999
273
2724
2122
4202
8151
4420
8080
555
3606
1296
6480
9805
2487
1938
5999
4269
514
9981
2466
8257
7154
7473
8591
3669
9442
6050
1194
6405
5325
6583
1028
4197
2613
297
7284
4521
347
7644
435
8043
8437
4990
7274
8741
1511
6289
5380
1468
6679
6866
1056
7590
8325
954
5238
5572
3242
7008
3993
8034
9853
1175
6107
1280
8673
5811
1186
8293
4719
4242
3355
4047
921
9017
7194
2255
9299
3915
1857
2256
3149
3099
7327
3174
9546
6841
7036
7979
5677
9634
9587
1473
4152
5853
323
9044
3722
2859
931
3267
6041
2194
8787
7766
8100
6018
5610
5722
940
2219
2997
9358
2062
304
7764
9762
7564
8158
4069
7530
5914
7547
2587
3367
4377
5033
3844
6356
4555
5482
2594
1710
2852
9789
2641
6424
6069
6518
9414
7897
4413
7857
8917
609
7399
5728
2296
1096
7100
9548
1663
4262
6989
8416
7553
3785
9640
492
9569
2286
8948
7320
5391
9395
7592
6710
5272
2444
9254
7452
8063
7170
9956
8852
1094
5173
5810
745
8278
5497
9940
9697
8372
4006
4931
3240
7632
3968
8767
284
7579
1898
985
7533
1084
592
6109
2689
4631
5913
2730
6603
9064
9126
5542
4841
7397
7901
5053
3498
8314
5267
3609
1342
984
4309
5951
1058
5351
2922
7515
7537
8543
4218
8224
3060
6179
1619
8487
2796
3087
9453
1314
2819
2764
6759
18
8748
1868
1344
9736
9000
5416
7260
7629
5935
4586
6320
6829
1180
9902
4032
3317
4616
668
3757
3481
6945
2049
7365
3048
8402
716
6297
2904
3791
1614
2988
9293
4465
8211
1432
1411
3578
250
9426
9476
7614
9168
6427
4621
4283
2866
4593
8606
7382
5857
7707
9683
244
9549
339
2778
4988
7820
9227
2709
3462
7203
1707
8237
9693
5260
799
2039
3426
501
6118
7388
4155
6257
5279
5392
8681
7497
1356
8875
5676
3164
9638
9134
7850
5766
3963
4201
9178
9787
6258
9008
5711
9055
5939
1292
3119
5112
9028
1778
2918
5509
7125
8720
8440
7917
130
8890
1053
6886
4025
180
1846
9052
1422
5825
2905
1436
6697
4453
9440
7153
6500
4673
1238
9084
1642
8811
2203
3303
7502
6213
1771
7317
4249
8
9975
7582
3061
9076
5513
6843
2476
1651
4914
7769
7290
3012
3184
6622
5150
3458
4273
5059
3262
3201
8157
9534
105
2092
3163
8823
565
1579
138
1106
2664
8991
1589
2832
8717
4247
6128
554
2432
3466
1095
8164
2783
9406
1713
918
9346
2381
3241
5745
8546
615
6561
9537
846
2880
1224
7792
6749
2072
9728
5054
3158
5808
759
1205
2018
4291
9321
7776
7763
8007
200
5526
2046
7957
1943
8122
4958
1245
1157
1252
1617
3227
8066
5540
6282
9477
2145
6003
8262
1701
2287
9035
3073
1541
7623
9824
214
1025
7751
2276
4795
3765
7104
9688
4756
3848
3210
5732
5692
9722
3252
8255
1818
7724
8334
9500
5309
8024
3973
2719
2534
9123
4054
4794
1936
1568
6208
3611
5178
1066
5119
6871
7780
1109
6397
456
8071
4653
5193
3078
9747
6220
2921
2322
5638
6509
9124
4345
4921
8756
780
8815
7879
4704
7453
8459
7457
7784
4216
783
4710
709
4633
6344
9244
1969
2151
4470
5998
1853
2989
6396
7752
617
5256
1613
5972
4062
1678
192
4749
5950
1420
3803
6380
5326
4464
1878
2569
7643
1370
2442
6917
7778
8115
9100
2109
6419
7166
724
4341
3075
2565
1206
9330
9152
1004
2911
1690
7092
7663
727
590
8042
6753
7787
1253
4340
9568
5923
2052
9521
7899
2746
71
8958
8172
6869
6864
5099
1899
4120
1320
7300
5194
4912
1915
385
1812
9002
4310
5679
4208
9170
744
261
4879
9274
9079
5259
9145
7967
6884
8939
2499
4111
155
9279
2515
6489
3145
2877
5847
2551
708
1610
7021
3345
60
1105
1697
6133
4241
4929
2343
2717
6966
9432
9846
9118
8657
9048
9790
4406
8979
8443
802
1502
7519
9908
2981
3349
7954
578
4231
7691
6124
1100
3021
3108
6504
8955
1957
6415
3797
5242
6062
4426
2347
781
7081
6165
3539
6621
2857
8015
3863
502
7862
1671
9823
9974
5138
5182
7287
2882
7706
369
7067
1283
4150
1644
9772
8199
6591
8045
8067
7105
9913
3675
1466
4858
5151
8761
7750
1633
9572
3930
2601
3802
4905
3467
1385
3208
2475
1927
2992
3762
8400
5488
5751
9257
5803
1734
7946
1556
1021
1435
8425
8976
7741
9300
7843
3115
2506
2418
5573
1433
430
8189
8155
7571
1275
8210
39
2563
3205
8215
7426
29
7384
917
3650
9920
8654
7576
9199
3729
3180
7313
8373
9217
786
2655
6275
522
1176
3813
4643
6114
6914
2581
2298
6535
4666
3506
2085
6175
521
3550
8579
928
7106
7025
121
3976
4253
2172
4198
2996
3590
7690
6895
7458
731
8560
1552
1010
6891
3089
2572
7800
7134
4862
3229
2307
5397
1616
667
1240
7633
9389
3159
5005
1675
9034
2134
6066
3106
3036
5921
3268
3702
5086
3972
3851
890
7198
6539
9860
2868
2779
9605
6271
1399
8914
3400
1952
3387
7246
2814
8185
7454
8156
8928
9842
1239
2420
8872
619
3079
2675
6598
7631
9930
5867
358
5963
4946
8853
8949
1250
8621
1177
5095
651
7755
220
887
5475
4429
2976
8095
7326
541
5541
6378
1795
1128
6310
8650
3556
9828
6102
5384
655
7542
2240
5765
5078
8804
8675
4716
5773
8134
951
294
7884
9489
4344
3157
3235
7142
3533
568
3790
3846
1495
1308
2406
6367
1547
997
5949
2533
5595
4852
1163
7838
556
2224
3745
4764
3541
4314
8807
8098
7545
5592
5399
3037
157
881
7117
3643
2703
5378
2751
6428
7923
8803
317
6294
4289
259
137
2435
9811
4101
8558
7279
5993
7716
2042
3934
327
3178
3614
8318
8201
6221
2001
195
3445
8901
3047
7499
7015
2183
4578
738
7088
432
715
8476
8649
2248
4566
4947
878
4487
5162
7910
7121
8525
4553
2108
7004
9524
3713
7844
6905
691
4483
8855
1864
4595
3987
7224
4983
4897
5312
3253
9589
2450
7057
7001
9233
9291
312
3273
8136
6075
8899
6000
3526
4720
3607
9303
3766
242
9174
1192
9958
3834
1126
3220
4573
4009
9388
7266
7066
2849
3360
751
5300
9116
486
1687
1174
2527
4246
4090
5663
7589
1975
7248
5376
3080
4203
4783
4295
7245
6151
8429
246
1827
7922
1330
4039
9377
7977
3644
6176
5631
8495
5622
9420
9760
8350
7414
497
5896
2952
5971
2382
8701
4097
6426
7898
4020
9203
4209
2900
1319
422
6997
5795
1648
8276
1829
6196
4805
6381
8119
8273
7225
2583
1973
637
1288
3554
7673
1438
9387
8632
5704
9718
6817
9083
5035
8137
1306
9486
8174
611
7584
4762
6485
7031
9935
9848
4823
7520
199
9411
6484
4831
6131
1534
7656
9641
4423
4036
8451
5501
7509
1585
9472
5684
1950
9007
1514
9712
9272
7863
2043
4392
1756
8077
5226
449
1449
6338
3008
451
4170
5683
4194
5854
8342
4711
2525
9405
1844
7348
7030
9060
1255
5852
7933
3592
1704
9543
2936
7628
4909
5211
1229
3716
6357
3724
237
3219
5652
2080
7127
6053
3322
7521
6327
5525
9286
507
7264
4068
4785
6087
5004
5495
5759
1140
4188
6879
8444
7856
1427
3442
4744
5375
3032
4868
8888
5434
7068
97
1090
8295
5848
2752
4814
692
9290
5346
6936
897
5710
1357
5748
1789
3664
1080
6767
204
1305
947
766
6254
6474
7655
9117
9686
384
1964
8379
7667
4965
3847
8729
6639
7676
6233
3882
7731
3005
2834
4867
7974
6232
4582
7578
5025
1064
4066
6420
6599
8035
6685
9730
3098
9202
7920
4059
9987
5884
6171
5697
625
463
6722
7232
8584
7891
8049
3985
9074
1226
5490
7412
8390
9710
423
8684
6058
5511
4454
6573
5575
8406
3617
7675
6030
5560
9562
469
6390
2179
9888
5559
7683
7840
3778
734
452
7366
3692
8061
6153
6844
1720
8466
2064
7795
3130
7813
6870
7733
4977
7548
8129
4147
8052
7634
7577
1804
5792
8335
5721
7587
3530
7177
5243
8825
8940
4156
9630
6812
9933
6712
8746
1428
2357
7220
7658
3424
8691
6963
9682
103
7145
9251
3710
8227
9036
4494
2521
3698
8965
8760
5161
6460
1033
9456
4127
9998
3576
4854
5470
9655
2576
4614
4085
1517
1852
5533
6992
2958
9101
9412
7156
2885
4243
5862
4011
173
5387
9814
9205
5189
6721
6456
570
2792
6146
9613
8200
4984
8587
3596
4583
6771
1135
3280
9820
8479
6056
2561
3733
5051
2945
2479
6732
3185
520
2775
2221
7276
8396
5603
101
9532
2364
6324
7803
1992
7459
6298
3782
1491
1946
8140
4493
4533
8331
5968
6661
4881
213
1397
9249
9255
733
9045
6513
1779
272
9575
6016
3132
9942
8253
4195
9194
7942
9695
5304
1112
8906
1875
7316
844
3312
5477
8012
8873
5094
4259
4296
459
3135
4160
1683
4981
6471
2946
2166
9418
2469
5125
5928
1202
8845
1654
8833
7306
800
3819
3357
4873
3950
3254
7842
7395
5747
4973
676
2170
67
6790
6503
811
417
2426
4742
6990
6800
3478
8484
9345
6612
1354
1931
9797
3307
9095
7404
2802
271
9696
9520
5176
9909
8265
518
1602
276
2575
1204
2732
49
2910
4500
581
6550
7896
6505
8522
1887
4358
8382
9588
5508
3371
6169
201
1490
4351
7076
9517
2304
4108
4105
1243
1631
4092
3772
4137
6454
6633
3140
5546
4468
2402
8176
5195
6571
939
3114
2980
1458
7115
3216
1101
5819
5218
2101
8644
5871
8514
8647
4072
2990
927
5886
3379
6576
512
7095
7257
8922
90
3756
7165
6167
2711
6301
573
4192
8738
2812
4431
2568
7805
6105
896
9750
6653
2825
924
1900
2932
3409
5159
7714
8426
8678
2180
6662
7425
9573
8751
4976
7611
8399
2061
7868
5302
1766
5659
439
6885
4328
8221
1575
9139
5018
8629
56
6061
5625
6964
5624
6901
9385
6323
7242
5905
2378
413
1581
1661
7392
338
6672
3070
334
2338
7739
9407
2978
1880
8087
1530
134
8690
3701
8518
9657
8609
4579
8410
9393
3128
6199
1527
1178
7065
9745
4049
8987
197
3742
3024
3148
81
3814
2282
7362
2484
2141
7451
8611
269
7401
1893
3647
7309
5077
4683
1062
4743
4282
184
61
1582
8923
5374
9195
9350
3932
9364
3166
1724
3274
6739
7374
6637
2239
6399
4552
8555
185
1627
1125
3957
7732
2693
6614
1828
3980
8618
6092
6115
7171
3171
8089
298
1038
7574
6623
6372
1960
4603
4005
9810
3924
6144
93
3325
328
2388
3362
9448
6519
3045
7119
5669
7756
7256
9292
9163
7817
2530
8568
4825
935
7983
8889
2119
9977
3391
7754
4654
891
1725
3978
9342
8694
2189
5322
2452
8583
388
9674
6086
3773
2574
3869
7312
4916
6308
9276
1256
5237
6530
5353
8593
6278
3198
8570
8957
9897
8848
2184
6152
1802
9006
9114
3002
6692
8666
5308
3019
7701
9959
2823
8431
9362
1529
2979
4924
4727
1118
8197
5294
331
7921
7860
377
3100
5654
7630
5503
1632
6872
6769
5932
2063
8936
4432
1945
1783
9990
1856
2925
427
5544
9629
758
8154
2903
9581
2140
162
4382
4237
7782
8055
8730
2656
3046
6678
730
9003
7568
6547
22
9845
2590
9458
7403
9952
2935
2015
5080
6520
4963
2391
9869
2269
1156
9996
471
5895
2640
9511
5011
9449
6971
6820
83
1182
3823
5634
2295
4154
8859
4288
9471
2425
8674
4812
1764
8697
3990
5118
2038
7561
5115
1213
8225
5776
7535
1415
8820
7490
5713
8254
2091
8559
1310
8944
2207
4760
5621
2462
4835
1593
3453
2009
2923
8058
2753
4495
3711
964
962
7551
1807
7351
3952
9213
5858
9992
3009
4751
5577
7422
988
279
6803
2103
5824
3177
5789
8471
5868
9219
3446
3084
6961
5359
3017
674
2851
455
8784
2439
2023
5742
2804
4894
5641
6019
4828
8329
6706
6096
6737
8633
6080
562
8999
9584
2553
3095
7992
4165
9177
6469
7336
6977
8090
1524
6785
8245
3726
1721
9031
9904
1508
9815
3994
3324
6006
6714
7600
6197
901
6008
2225
9800
3986
8710
671
2268
6170
8998
1905
1472
6592
8635
4179
7662
1532
5892
397
2192
6082
1
4306
5957
7079
4815
6808
1932
9677
7552
6015
7010
2348
8705
7476
2987
3661
3520
868
6523
673
3759
857
5121
8900
1129
3153
790
6318
3339
7286
527
2025
4303
9376
8731
8124
5926
6745
1603
8641
3261
3558
8884
1951
2020
2773
4252
9917
6532
2820
7670
9536
2071
3672
5239
9132
7947
483
8850
9146
6073
6013
7713
6524
6095
2496
3651
4695
370
3747
7877
9433
706
6216
3372
8614
537
2831
650
6981
1569
9106
9991
1831
1850
5060
7522
6625
9373
4189
7702
6349
8165
2509
3637
9417
9684
2642
2022
5966
4570
6939
3249
3569
7595
9859
3849
1179
8133
7054
8816
4774
1417
8000
3858
1521
2178
8778
8551
4523
8020
7002
5757
7637
7108
9593
2424
5518
1863
616
967
7236
3740
1304
6076
5461
4219
5627
5954
5136
3105
7852
5543
4405
1413
3665
6159
7669
9302
275
8668
3486
6950
398
5619
5694
7617
6435
6335
5428
6544
3082
8083
2250
4895
7471
6228
1015
4221
2387
2214
5875
4849
4383
4902
8005
7911
3407
6847
4807
1462
5139
399
403
1303
5222
3998
1641
2164
548
309
9851
6687
55
7743
4467
9214
9726
4665
9105
2489
4180
6789
2365
5588
5777
6733
9523
1998
2829
9778
644
952
8590
7461
2478
2895
3088
7500
9967
1715
7410
2856
627
1065
2048
2288
5234
5061
2706
6649
5062
5015
8226
8728
7046
2798
9434
9365
4519
662
8857
5653
4801
2649
1565
4739
2756
9455
9120
550
8397
6187
1525
296
395
6457
2412
2459
8482
5103
2537
9513
7652
7446
6648
7411
6814
8312
2246
1333
1063
3161
4732
7184
8868
393
7892
986
9447
1254
9102
8377
7340
4080
6011
270
5583
8946
6586
8538
3781
8510
3485
867
7734
4094
6727
5235
4829
1625
7941
8088
2924
460
5155
961
4677
6883
6948
466
5440
2627
5215
4513
5816
7913
4766
2700
2325
5985
898
8524
4379
1268
749
5613
3233
381
3912
4995
8381
9702
1792
6129
1653
4178
4394
8523
769
7294
5735
9320
2443
1337
3874
3970
2077
2507
2650
6445
4281
5707
4026
1504
1309
143
4822
3217
785
1634
4475
9184
9679
9703
2482
5655
7729
6954
9094
6277
3505
7167
882
9151
5100
1859
9190
4778
2446
4515
7429
2538
3054
6716
2328
115
176
7259
4705
8326
4620
6682
5762
4119
6239
31
3748
2117
569
5979
6953
8628
1692
1772
9870
1000
5607
7895
3067
6589
6889
1082
8846
5783
2163
6036
5882
2093
8299
4813
5458
3640
8686
8557
9171
4359
8773
7369
4244
3110
4067
7417
5885
4266
1501
6967
4638
6044
3421
5801
3888
9467
7481
6
3905
8384
4594
7749
7737
373
36
2614
5879
5564
1452
4236
8766
428
6942
2004
579
95
1787
3755
4613
7215
9669
4102
9796
6534
7063
8805
9243
1057
5465
6791
9743
9485
978
2579
1538
3636
5020
6110
6094
801
6643
3696
6296
8493
1374
5555
1103
7555
2620
4044
1823
6181
12
6924
2197
4729
4782
1271
6174
4647
5283
5297
3906
6098
5904
9054
4564
6619
4668
9607
4844
7770
2488
7664
99
6186
531
9281
7116
1467
4624
4569
8904
2289
2392
8392
1494
1912
8348
6903
9331
1479
6610
6867
45
4986
6394
5342
8404
8186
9596
3211
3670
8062
3885
2400
9495
8548
7061
2757
6959
9240
2578
6703
9785
3483
1699
1658
1890
7424
8478
3457
5888
8441
5665
1297
2285
1002
559
6347
4240
806
1737
7014
9371
8076
3801
6401
6020
9890
9559
9193
3628
3275
6358
5026
5988
6495
3057
1154
1611
6025
447
6930
4134
1365
5368
2066
8022
1097
9264
7878
6354
1645
8036
4496
701
5604
6960
411
1043
4498
8367
84
9821
8502
2026
5072
5942
764
8716
5502
4058
8624
7466
8287
2272
5552
8420
8801
2716
6713
598
8385
5851
468
728
969
2964
8856
7790
8575
3593
1673
5837
4505
4962
7346
6537
5920
4372
6588
6360
4274
4479
9490
5443
6597
6931
8467
2105
2745
4330
998
2654
8725
7903
9509
5101
1958
6091
7695
8181
206
5587
445
8179
5449
7524
9887
3013
5286
8607
407
9131
9618
2262
9024
342
7118
6250
7504
9757
6022
9072
1236
1657
6536
2828
1947
9752
4223
6246
3
3575
181
7804
3961
1901
6217
2486
7928
3732
5930
4338
2508
7970
5644
7735
4222
8261
9825
6920
5977
1227
7624
6772
7180
2226
9879
4046
1676
8038
9578
4132
7593
4329
4114
8599
8093
4864
9591
2526
5910
3671
5822
1384
4342
8509
4609
8887
8788
1911
9868
6047
4994
4952
8970
7043
8490
3336
1770
6928
1147
620
374
7281
4023
3064
476
450
2960
6429
1358
3344
2280
3151
3709
6825
2029
1463
9228
6119
5670
8835
3126
3050
8409
907
7181
4175
9872
4131
9580
2281
3919
1366
8656
1285
6040
9283
5531
8452
4784
6470
1294
7906
1820
6976
1544
9057
6311
3294
7361
6127
4232
5661
8046
4953
3798
3465
3706
7991
8428
3244
4353
8275
2805
8549
5656
3018
9181
27
1388
2277
2410
5423
3962
1874
2666
9561
8113
9606
9241
4028
606
391
9871
2411
5675
6230
5608
6830
4989
9539
6108
2991
4859
8952
5250
5229
2567
934
1478
6645
3937
7381
8982
8209
1152
6718
9285
6472
6635
4821
3862
2658
2940
5594
7806
5620
6624
9751
8893
4030
4117
1753
9708
9423
6673
8316
3682
9518
6564
9945
9212
2423
5451
6462
2780
47
4238
1444
9891
6781
7951
9732
4792
8246
4899
8319
7869
9896
7998
4690
4933
9248
7234
3401
2843
528
8004
7528
231
7247
3739
4428
1700
2986
3914
1046
5233
3971
1533
4602
4279
444
6958
3475
7418
6689
2383
2858
52
129
7323
3363
9740
5680
8323
2929
8915
9984
5316
333
1780
5916
7563
9749
5217
1424
7176
5887
736
8634
2835
7569
3429
1985
6572
8968
4458
5381
7303
9460
5252
3055
131
5861
1464
8974
3857
5791
4200
5188
9179
8772
632
6023
8671
6590
1586
325
5859
5364
7202
4892
2639
154
7357
1078
2591
8704
4308
8702
5098
8450
3308
23
9680
6851
9155
8206
7681
6328
5691
1327
9858
7599
6319
8457
7719
8789
2760
1888
6375
6702
7837
4692
5442
5674
4658
5329
3864
850
7874
3723
7748
3197
6756
5292
4060
3410
6660
4948
8595
1499
1279
7834
9049
5371
3764
11
6996
3944
8486
278
5263
4418
1284
5460
2073
7575
1281
2662
7187
1197
7527
5678
2056
4679
6113
7994
394
6303
5606
316
7272
7871
9
1277
1922
6751
88
2770
6846
6408
3143
1061
6002
2523
7549
4317
9768
6382
5698
7149
3001
8530
699
1814
4334
9359
3172
3984
3982
3940
4874
136
9799
5726
6746
7486
2875
1233
69
1822
2839
9771
763
6726
2708
9873
5813
8961
8204
2079
7253
4870
2577
9782
3190
4512
1079
7023
1083
3918
9273
1299
6222
6049
8903
4674
7966
368
5462
8138
1168
9635
8238
4560
3853
8907
4970
448
5341
1743
9032
2750
7160
2021
2733
1347
2644
7924
5407
3173
7368
4187
1244
5840
8047
1987
7671
3496
3321
2429
5310
7602
8464
6256
4847
2456
3509
1108
7847
2321
2195
1040
6916
1123
2308
262
3626
6761
7888
3563
4601
6562
8358
8026
3951
794
6615
4691
7394
4634
859
1913
7302
1545
5960
6911
3243
7157
1755
8792
4501
5298
5105
1500
4459
4834
8831
7110
4937
2672
8192
4122
2889
2175
8563
6644
5984
1609
2605
710
8622
4696
2044
5295
6910
5863
3191
182
57
767
4149
5096
8040
9282
973
2313
6259
6490
1092
2329
7321
5685
1849
2684
8785
8407
3856
2618
1035
6974
5574
1726
3176
7280
886
16
1855
5842
3020
1798
355
6941
9328
7955
8082
5744
6669
5671
1747
4228
5990
7972
5481
2344
4224
9430
4375
1920
8834
7331
2465
740
5877
5515
2908
9666
5418
4514
425
6244
7953
6943
1536
509
8401
4391
1551
7218
5568
8677
605
5563
9727
5487
7736
2349
1937
1380
5521
2635
6783
4112
9208
7657
9627
2956
4730
1685
678
1991
4436
251
1583
1558
2580
8540
4158
8695
7356
7455
3492
4258
9143
903
775
4913
8740
1738
9648
9099
6578
7855
464
5398
267
4146
9339
2271
207
2366
1660
371
9885
2761
8566
5845
9720
6418
9699
9403
1523
3118
9780
5832
7873
7217
3043
64
5731
8445
5337
172
6839
8838
7209
2238
6481
3003
7715
8950
8911
861
6548
3997
4013
9540
4535
8207
549
6788
7730
552
8908
4265
5348
1865
9912
8473
6604
87
4893
8750
6048
787
8794
1638
74
8415
7364
6575
2982
6267
305
6651
4903
3735
5164
1382
1968
5007
1963
8321
3319
6827
7122
4145
9063
6339
2216
9530
5484
9661
5897
6185
8190
8178
85
8447
1258
8031
9620
3645
9955
983
4176
7222
3686
1895
5126
1067
9019
5900
3437
5361
6665
4290
7709
4190
8412
894
1419
915
686
5166
9304
5149
8722
3196
7379
410
3876
118
7697
7912
198
3743
1505
4845
5085
5290
9354
849
4408
2012
3256
5276
4939
4748
4373
5144
9078
4183
7035
3265
6449
999
6057
3574
8343
6594
3734
5615
116
3488
8880
2983
3895
9483
5314
8060
4148
633
2767
2611
946
4217
2054
8403
7033
3926
9352
4033
3412
1803
3403
4957
3120
3714
7801
5946
1367
8781
6012
5253
2841
1561
6395
1970
6956
948
8195
971
8112
7546
2202
8183
1055
4332
7588
9416
6720
1965
2765
4537
1375
6052
9556
3679
37
7254
4763
2791
7022
1110
1481
824
7091
9850
226
4227
795
8817
9266
7265
9093
603
4826
9713
4357
9776
9428
2873
4455
6921
5590
6274
515
3909
7526
5995
3469
3423
9259
5327
3544
2169
2941
575
7699
3472
1339
3886
3875
4143
5088
6688
1672
7674
4738
9658
2157
4891
8707
3504
1612
4425
1301
3491
5022
7962
8594
4212
68
809
3327
6579
8180
9496
7635
1378
8836
8927
8258
2472
4863
913
597
6543
5405
8954
3287
4608
1757
8418
8798
2050
9783
6447
5140
3076
1557
5727
1376
3948
8461
8839
538
4078
7380
1208
4093
3649
8662
827
4477
6404
8424
4401
9312
4741
6952
416
252
5456
755
4471
7759
6364
3058
6638
3284
4052
6444
1712
1073
1377
5955
5547
7226
2688
4761
3392
5901
9260
2137
1470
1979
2837
7894
6522
7189
6150
7207
7359
1188
6802
5781
5496
4276
5978
3247
6938
694
8774
5523
6200
2968
6455
7
8498
9516
9113
7647
5723
4204
6852
6067
563
6314
4808
3255
4061
8417
6890
7808
3795
6554
3290
3883
3030
281
6088
2674
6632
8505
3354
7467
221
7687
9242
1522
8168
6560
4971
4233
5872
5796
5593
7550
2210
3028
8175
6823
3302
8346
4606
6498
4887
3320
6757
9616
8532
5626
5769
9838
9507
9444
4362
4869
9156
7387
6229
3551
3306
2588
7722
2824
6670
1902
8041
1944
5262
7937
4481
7150
6898
8971
5529
5996
5660
7261
9401
7597
6686
3922
4598
3595
9419
3604
4770
8300
4930
6090
8421
2361
7341
96
3799
9895
7925
6497
4125
3899
1170
4819
8626
9519
4699
8496
7999
629
3374
3783
490
9107
8556
6666
3155
4173
104
6032
4029
2961
9020
3568
4571
5196
8537
2490
593
9971
8577
6584
9631
4885
1318
7580
9937
2353
4713
4773
3666
8758
3418
80
8685
8808
4504
3266
9504
1013
1124
9445
4352
3897
4161
2558
5943
2345
3581
2947
1132
3304
1287
3877
8696
7096
638
6099
3685
2312
2893
8489
1475
4622
9150
8272
9361
2949
124
1884
2377
7071
2355
2090
9544
3263
8121
4676
5014
2725
2954
9410
7377
3949
7541
5141
5373
5785
7684
3381
2584
3188
2413
1934
5334
1031
208
2209
2691
7915
8118
4824
7968
1694
1917
1225
245
9812
6348
5596
1974
9154
3014
5473
1498
7642
7861
7464
4151
4527
6068
1574
5919
7102
4316
1914
5102
30
8355
8562
9165
993
2799
9479
696
7350
499
8588
169
8028
9261
4386
5143
8472
6029
7151
672
4809
9954
3835
4671
8191
7288
3116
6295
6014
6383
7420
4530
7438
5579
8378
4139
7807
6819
4490
6626
6659
5755
3373
8029
8074
3451
9925
2999
5433
9949
7334
3040
2132
8764
4568
7556
1935
5319
2890
6837
1404
4669
9256
3292
6184
2318
1199
9612
7536
3225
5688
6875
9461
970
7472
3519
5446
3720
5063
3516
8214
1794
8033
1460
8317
4064
2390
2817
4442
6033
6331
7618
6343
2676
4106
3315
3194
2777
4917
9633
9829
7053
5899
6975
6730
9348
4410
3715
6190
7308
3843
5493
1485
4081
7235
5793
6147
2501
4409
4447
5328
6531
6307
2582
9642
6832
2171
2261
8375
9104
6779
7190
685
4836
2740
6566
2251
2417
4577
2320
219
3840
2010
6037
7430
2897
7705
2595
3953
4660
2931
362
3865
761
3104
5956
4250
1894
1808
703
4270
2953
772
7708
3144
7193
7269
7141
5557
1371
8150
5134
3440
3414
5172
2816
9176
8084
5320
5338
314
2326
9918
9333
1151
812
174
5719
7299
3668
3341
2245
3257
7174
8504
380
7539
6081
3258
5740
387
8307
1074
5200
7704
3072
1313
9847
9491
8332
4164
3540
9711
6112
7405
92
9966
5206
7965
8651
4384
4263
418
4451
3635
6865
1136
1542
9501
6553
2755
7890
8933
3933
8302
2477
3870
5367
8458
7478
1861
4618
1509
4497
6417
8753
6423
107
6797
9488
7677
7880
5797
356
5980
2371
9253
7989
4136
9096
6752
1607
3770
7995
880
5804
290
8929
4443
1572
6668
5520
6657
5772
6574
6787
8233
3838
7960
7143
1797
2068
8680
5016
3746
6600
1688
465
6291
9819
8682
587
9792
9427
209
3786
3881
5008
442
2657
8092
2375
3342
4619
9715
8573
2000
6116
4140
7963
4466
2055
8006
6818
4700
4544
4554
4853
1702
3828
2148
3129
7130
1622
2294
5898
5394
3793
2098
6999
1005
965
8806
2437
5044
332
3091
8079
8094
6549
2713
2743
1247
1190
6130
4791
9964
5929
9667
5305
6764
6655
885
8960
7988
4220
6160
6273
942
1119
864
7606
7402
4184
3415
5516
3162
349
2434
6281
3250
166
4388
5623
8985
9247
5530
224
2473
7566
1989
2541
9408
3775
6155
1442
5987
9042
3484
8885
7201
6173
9480
1636
3224
1257
7767
6402
9061
5839
8941
4121
4034
7082
3958
3206
5491
3419
4017
6799
884
6042
1260
7132
7339
6821
5489
5261
9878
7126
3375
6026
8550
7431
9164
3839
4492
7672
3787
5422
6707
6242
3830
8830
2870
1800
3621
1786
4336
6235
5467
1740
2694
1007
879
4605
1324
117
7250
2894
6848
9027
5167
3404
7932
306
4932
8586
7638
8921
1698
1503
8799
3597
4604
255
723
9188
15
4752
8414
341
9497
2846
2430
9721
3871
1553
5483
78
5170
5270
5
7175
9125
4113
1916
9690
557
7508
5605
3697
566
4793
2557
5479
4724
5498
9157
3707
5749
4412
4811
7077
1513
7352
8735
2899
5069
405
9218
2395
8499
5273
4884
688
2241
9867
7252
9594
5213
2772
5414
3142
9029
9470
2274
9681
2731
6492
2454
4865
1482
2548
5636
4214
178
9062
1026
4264
8892
7802
5429
1805
4890
7268
7196
5478
6060
6414
3920
2249
1566
6031
9379
6765
4307
5700
5013
3204
4850
3991
8693
5878
9308
8564
705
6218
2762
4584
8222
1351
5992
8795
7442
8383
6330
2035
7227
7241
4707
7113
4450
5091
5034
6299
3618
7017
4777
594
7304
282
5790
2448
5666
9367
1406
1216
1321
9011
6629
1353
8223
7620
1624
2200
111
1459
6466
3749
9599
7400
1674
5439
5271
9911
6024
5153
2863
8977
3983
5969
6880
2494
402
7283
7335
5171
3923
3577
9687
302
8231
7885
4128
6488
6104
9915
1143
9341
722
7919
2735
2301
7598
2374
2076
8755
4915
6142
7883
6368
6946
5763
8800
7109
6973
6121
2994
6182
6833
79
9793
654
6138
4427
1230
858
7386
3658
1249
1286
6164
5347
2396
434
2492
1346
7449
9148
9112
7211
6004
3398
8388
3490
8571
2966
4991
2467
8653
1714
3807
2696
7050
2619
1904
7019
8664
4322
6717
9258
7101
9678
9707
8793
9862
5042
9047
9834
8139
1270
8263
9577
2517
831
8103
771
1037
2621
3203
2002
7507
7072
2129
1456
4955
2659
2440
477
966
2075
9579
7000
5474
4452
9252
8102
6279
3420
2067
6070
7147
2687
7929
6255
6071
6045
5128
7416
9665
6555
3579
7774
1211
9510
5734
2560
3780
1540
1276
5362
5064
3622
1749
2031
2427
8469
6556
7383
2291
4934
7854
1488
1396
6542
5585
38
3910
17
6154
6970
8163
2781
1689
3468
3167
1872
784
2571
9197
4463
4077
5083
3218
8663
2493
4347
443
9827
9936
4018
1343
8648
6957
7098
3955
3639
5911
513
4908
108
5415
8541
2404
3441
9874
3269
4361
2511
1686
9077
992
8021
9837
3654
9531
1986
4267
202
7111
6496
1705
6261
3090
4438
4207
1821
626
9972
2398
212
6371
7051
3866
718
1809
211
8149
7939
1744
3946
6251
4507
1113
1606
1121
4448
2597
7904
3033
3678
6468
8010
6352
5457
9592
6776
7048
6888
3538
6774
2608
3096
4488
7353
7961
8104
5146
7233
6731
5245
7738
1047
2234
3463
7825
7329
5571
6432
6849
3026
8813
1248
2909
8433
2892
4461
7205
3010
9714
8364
5266
1510
5510
1323
1681
4234
9204
6438
888
8248
6207
5761
1210
9014
5850
6671
1668
8711
5580
8828
5947
3323
4725
2124
2807
1703
6122
5570
9877
2013
5122
3768
6842
1453
2315
100
5269
5168
4057
1921
9921
7959
3681
9538
4095
2821
1144
4796
2606
3092
6264
1791
7987
3356
8713
4572
589
3137
8249
3852
6850
8285
5826
9037
7123
3310
8642
4166
7626
1896
8463
9621
607
7064
5505
6388
4848
59
2744
2259
2394
1729
8109
8576
3389
2728
6994
453
9729
2543
3929
3727
4557
1317
5774
8814
8605
4898
1020
8107
5527
873
7230
5246
5410
5976
7726
1316
5395
4830
8912
1835
1748
8338
6198
9080
4110
4997
8905
3816
5278
9953
7049
571
8132
187
5782
1971
8271
6810
848
3518
2057
5417
5982
2528
7275
4130
8252
6777
8291
4780
3718
9614
6051
1068
7398
4444
572
3546
8862
1942
7333
7907
7513
4816
2176
4129
2974
6502
3109
6876
3353
1217
9175
8324
842
243
4728
3809
1006
4926
1169
3653
3117
436
9700
1039
247
4048
3769
5864
3867
1591
6711
5209
2086
614
8105
1117
4045
6499
4540
5569
2555
82
313
3771
2950
782
8294
1412
9639
6912
9775
9558
3631
6370
4256
1361
1649
1669
1195
2878
7839
8354
2236
3629
5632
9237
2213
8844
856
5616
3648
3450
5805
9469
9263
91
8228
8547
5408
7006
4171
7182
636
6340
4294
6834
6517
9982
1647
5232
9880
9609
3112
2014
8687
8660
3286
8282
8018
2937
6437
4551
3975
7423
2102
1548
3960
8972
3259
7793
163
6431
8050
4389
6374
4910
1184
2970
9075
9310
3124
8655
3536
3674
7237
2913
5152
4685
9763
7389
2463
3613
963
4103
3378
2962
7781
9050
2024
3620
9235
729
6177
7086
6376
5599
523
3836
1716
8123
6337
6189
3500
1573
3493
8455
828
2471
8636
3350
6243
5849
8327
3956
5835
3152
2143
8395
1830
1877
7413
266
2536
3042
7083
774
8824
4877
5917
6775
5517
834
4395
5406
6136
1076
711
7120
3811
396
4215
9277
6219
7192
6762
167
680
6205
1754
4547
4800
4534
7297
2485
6034
9334
1133
9541
2638
7887
2789
3896
6140
9993
5828
5251
4767
2539
8292
5404
6391
6448
1733
3567
8528
8135
9041
4735
5036
1203
6863
7975
2040
7952
5738
3894
9383
9980
6940
3655
4321
1099
551
8494
9073
3052
3725
6835
9435
8947
5494
6896
7343
9493
4838
5836
392
8515
7916
777
5219
5231
6293
9831
5720
6919
8913
3316
6362
843
2876
7971
7289
2637
48
5753
3501
9323
4662
9351
7562
7945
7666
4607
1784
329
7494
3810
6529
5838
3776
4896
9626
8114
2864
1207
5643
3041
8545
6494
6606
720
9733
7525
8131
1486
2399
1145
8598
8485
9450
3827
6393
3369
9604
1237
2626
6083
8956
6909
1519
190
8488
5959
8613
9119
9250
1845
7044
505
5163
4708
955
7902
8578
7206
2008
7099
8861
2449
7439
6664
7625
8108
9097
9206
6501
2113
743
5637
4538
5645
8244
6709
2156
8994
5201
7440
4818
9739
2182
6521
1209
544
8288
7982
6240
293
5184
2624
1996
8829
1718
8930
3200
482
547
2416
534
6755
2754
5396
8311
5933
7653
2229
2887
926
1909
8763
3283
7347
1496
161
4804
5186
639
2323
4109
6132
6161
8269
3192
7693
7773
1034
923
7444
8658
2938
1939
1750
3583
2891
4304
1049
1781
871
1098
6123
1826
2362
5778
6465
8569
9216
4733
6998
9664
5081
5983
2336
7866
6265
6700
6794
6001
2902
6699
950
3476
9230
9547
8069
855
3825
6736
183
7639
9608
3288
77
2474
6346
3377
1956
7465
9172
8328
3016
1165
4255
9970
4002
7710
3979
6409
265
8980
4645
352
5940
5633
4697
3598
6353
8208
5003
7753
9948
346
3222
5549
4525
5389
1980
2646
8733
6313
9474
2305
311
2715
2985
8142
6416
2242
1440
2915
4726
6288
8535
909
3941
112
6528
8501
9557
1546
239
8370
9425
4299
6290
8003
6908
249
3038
1122
5413
1220
5403
8797
4185
2142
5370
1918
4723
9070
5733
7069
1871
6361
446
3754
1198
8771
7238
457
8715
6035
2283
2126
4446
3433
3804
7045
2840
820
3081
274
1785
6701
6305
533
4402
4293
4440
2795
160
9380
3704
7640
9494
8672
8143
1518
7337
8796
9103
8874
6137
3231
3007
8630
3514
6263
6158
3634
3289
9522
7314
9660
7311
2532
8339
7367
9590
2104
5057
8747
6926
63
2110
8056
1867
7853
9692
2628
908
5578
6944
1335
7183
3278
1379
7712
5058
4644
8374
7221
431
3474
4772
7163
883
1077
9988
2972
4786
4610
5754
9141
9245
6893
2215
5889
4682
8777
9005
6854
6723
4904
8902
310
2350
9717
5257
3719
8027
1160
9108
1272
186
2790
9038
1801
3213
9602
9694
8120
8589
9647
2041
8512
3868
9861
6690
4746
8969
6178
4318
6306
6806
9856
8391
4721
3572
8411
1870
7078
5431
498
19
3337
2243
3077
4138
9506
7505
8849
5198
6351
3841
5709
7742
414
1407
9369
1469
2830
9893
4541
5712
9798
4126
975
9415
7219
8981
3619
1409
937
4012
6209
8627
4626
1019
5924
3599
9013
2874
3528
4004
2017
4311
5343
7107
4649
6333
9026
2231
8393
6425
6778
1531
8218
5970
994
1782
9153
5618
9089
5372
1328
4050
8943
8078
1425
1471
9462
8934
6935
5817
6988
8002
6828
5667
2612
106
2133
6074
6681
3752
3992
6387
4116
4878
33
6577
8241
3806
5133
9022
604
9652
3688
5775
3525
5124
2230
9069
577
9098
7997
1605
5331
7041
3226
6568
6801
5311
8344
8220
5768
9386
3673
1665
3170
4485
2436
9550
1262
2266
8289
2123
1742
6563
7794
9147
7986
6005
7084
7437
2235
3499
6512
4302
1955
6815
0
5419
3842
3025
4053
5323
1218
622
7168
5390
8878
5649
1487
5274
7090
7307
6065
6754
179
9994
7432
9835
5365
3083
2901
6245
3792
1228
9012
9381
3234
4292
5890
3543
3824
8460
7728
2131
8639
6680
9903
756
8298
4714
8398
7908
2683
343
4297
5883
4731
3168
4271
5598
4035
8266
5356
9779
8765
2217
6527
9685
1709
9794
9907
732
3298
7319
5881
194
2297
1879
6436
8057
1329
3186
4260
3641
9340
5550
803
1746
4627
6241
3794
5241
8446
291
5672
9628
5114
1266
624
8184
6514
2218
4992
4861
2302
645
8883
9809
4272
1745
7745
8202
6570
6413
6770
1598
5448
8017
4457
6389
3399
4599
2721
5635
2847
6215
1806
9931
1398
9127
2060
6412
4943
8408
1269
5076
2160
8435
535
2165
3051
8065
4016
6345
9236
2926
3744
7131
7661
8520
3361
2723
5024
8193
6986
5046
5746
9965
3800
7016
3627
9705
3366
8542
9533
1387
7859
7573
4251
9271
2939
8322
1391
5268
9905
8279
807
9943
2453
4967
6795
6162
6965
2309
4040
9325
9839
2722
3884
1972
1618
4491
9111
8352
9883
5486
2788
9801
1983
3663
866
8280
3601
7665
8945
5110
3767
7603
8127
9919
3470
1656
6551
9881
1978
321
1854
9121
6719
5915
2617
5383
9691
6285
3555
9754
6145
3750
9934
2107
4486
7797
4922
3861
1966
6325
1134
7517
4702
5420
7823
6955
7133
8810
2919
8916
9322
1394
7263
8353
496
8389
4503
2808
454
3965
3738
9307
2763
6676
3193
1923
4657
8871
5066
1891
1580
2188
353
7291
8886
5228
7969
8791
238
5807
5070
2898
8283
7435
5630
102
8068
1461
8544
6322
4419
9196
2273
817
4576
8782
9436
4339
7332
5870
8602
3512
3136
3111
7835
6441
4546
7583
3812
2965
9499
9301
5724
8712
9464
4628
5880
3887
5236
5682
1576
7688
1373
5453
7503
1732
2665
9468
825
933
6276
7396
1120
1976
2087
5463
2455
2201
4363
1907
7159
995
7984
4462
3443
8081
6210
2212
4945
6046
822
9670
8284
6927
4370
6516
8219
2707
2833
5313
8580
8739
2045
6148
8187
3063
8361
2078
2502
9791
9210
7814
683
3122
2570
2726
6784
7060
5787
2360
2196
2535
3721
7298
3471
9899
9305
7059
5208
1526
3230
3974
9409
9023
3717
2710
4866
7785
6043
4531
25
4684
1564
8507
4840
7301
1640
5324
714
5952
3448
1089
4355
1889
4528
6580
7199
7040
2275
8827
4980
5264
6386
4548
6636
2729
5548
8438
7559
5199
1450
2386
8608
2422
6906
5708
5426
9969
7169
6446
4088
8085
8521
5617
5421
9067
9662
5476
5192
6312
8347
6628
996
3384
524
14
1659
9144
8368
4284
6796
54
2252
7692
1295
6616
9397
433
8652
1141
6760
5964
4070
3068
1841
7660
4539
4254
5600
1142
223
8239
4524
5944
13
4043
233
4542
9135
2284
1215
1948
5668
256
1739
9582
9311
5207
3236
9269
5715
2826
5714
765
2034
6873
5185
8236
5160
8910
808
1161
2836
1042
2431
853
7703
1155
4356
6587
8721
2006
4365
3600
5104
7428
870
7649
2975
5818
1815
2153
9262
3245
8623
960
8937
7696
1298
1300
5519
4615
8160
904
8465
7973
5611
2204
1403
8539
9637
2100
5743
5284
7344
558
7406
2069
5107
6280
5287
2867
5240
7468
5202
2468
584
5576
4961
6993
5432
8625
6691
5047
760
8619
810
9335
6283
8617
5435
4906
7659
9056
7342
8616
2373
4199
4687
4979
1706
4936
2065
4550
6163
5145
1489
472
3515
770
4689
2810
4642
7407
9725
9033
8990
4478
5087
7786
9563
938
