41
485
346
578
245
799
544
561
178
680
755
453
557
48
101
491
43
146
899
531
51
898
968
153
292
682
863
229
278
475
597
408
251
901
903
612
603
298
681
284
973
795
666
957
465
844
831
87
645
211
847
123
430
559
171
574
227
311
950
778
96
218
616
905
288
186
634
545
624
304
476
580
114
240
294
550
222
642
421
785
309
676
216
697
436
860
396
72
967
800
564
931
110
439
985
723
750
276
379
323
333
549
149
57
930
85
567
520
988
111
571
297
960
445
68
519
257
562
687
654
226
105
381
219
455
267
896
733
543
729
380
281
449
49
907
835
3
849
767
144
837
261
888
99
393
359
611
375
365
717
472
325
370
848
339
438
56
987
238
814
610
486
808
867
648
638
73
709
274
911
331
163
266
269
466
939
156
155
762
675
81
639
53
851
306
228
388
536
263
467
488
829
977
694
75
6
922
193
357
703
832
425
581
714
700
479
818
629
622
995
806
751
328
342
55
517
59
127
747
285
103
29
528
179
464
400
300
434
508
521
168
670
389
89
433
382
608
732
250
116
718
650
756
134
398
151
941
962
356
246
452
387
336
633
934
296
322
428
846
275
826
189
840
679
537
855
46
326
505
582
637
45
737
989
719
882
742
341
65
192
797
308
477
468
876
693
4
963
686
859
108
230
857
426
880
617
649
728
836
816
376
573
953
115
932
130
658
839
770
529
970
982
390
318
361
93
547
42
319
271
109
462
204
86
802
790
601
879
62
1
368
672
431
813
132
913
994
118
490
958
353
631
259
343
256
787
524
866
401
414
371
88
711
161
481
916
12
289
67
841
415
2
327
644
596
69
752
838
738
463
324
576
349
585
40
188
106
692
302
788
187
768
36
604
997
924
805
948
757
162
54
744
52
128
961
926
239
946
925
364
373
523
893
280
504
773
665
991
205
535
82
565
539
277
910
169
511
712
883
237
811
715
165
474
858
877
456
142
671
749
653
503
443
422
845
775
170
457
235
587
890
872
482
753
873
340
140
566
487
135
884
478
272
685
683
572
507
203
786
412
91
754
480
959
215
147
789
498
677
981
0
525
661
803
663
621
515
739
378
420
589
548
39
385
577
609
920
527
509
965
765
16
746
657
964
620
209
183
822
461
264
902
668
164
70
31
854
591
15
984
83
713
22
314
843
423
100
978
615
546
180
469
316
406
273
182
936
254
98
850
484
97
584
698
419
458
233
71
397
575
200
664
810
921
253
563
730
598
776
335
923
570
7
181
625
76
673
514
606
782
707
809
217
842
252
407
878
976
796
828
405
17
27
437
599
315
199
652
352
516
293
202
937
440
758
372
656
870
887
918
534
940
95
891
900
769
231
974
213
952
154
416
513
741
613
50
933
185
58
579
892
636
628
949
586
626
526
772
736
674
236
471
348
734
194
986
173
594
861
317
869
593
262
894
646
706
886
8
895
32
917
777
771
494
947
720
74
725
313
190
112
332
955
992
647
268
133
225
812
418
150
972
774
583
945
740
690
522
722
432
569
38
362
915
141
862
731
506
312
996
377
208
121
244
409
510
641
875
702
830
909
206
195
337
825
554
935
424
138
107
270
760
512
223
11
201
210
721
501
532
124
214
197
384
695
489
759
716
614
655
383
330
113
301
139
104
34
763
283
834
696
852
35
345
84
117
120
951
766
871
33
287
131
392
290
63
369
821
542
794
784
540
137
906
386
28
14
404
355
126
643
94
20
735
243
971
502
640
249
889
483
176
793
499
470
242
874
819
555
363
667
630
780
279
444
791
761
865
21
495
853
258
299
699
321
413
10
402
993
980
136
815
904
605
684
18
234
820
864
410
241
688
944
435
358
291
568
152
286
807
632
689
492
196
956
975
966
160
320
129
303
338
635
551
248
350
282
969
954
175
908
79
856
623
651
678
823
399
212
781
804
824
167
727
798
394
868
533
442
395
174
334
990
590
354
30
592
191
247
660
148
704
998
23
221
158
783
184
833
157
541
125
942
618
701
329
801
708
705
450
347
66
999
619
595
260
710
26
310
102
460
530
448
177
914
600
44
943
429
77
538
726
691
496
792
411
556
143
344
80
497
743
885
493
938
13
19
560
305
662
374
25
451
61
366
552
92
351
391
60
979
9
37
427
669
5
24
159
198
367
360
983
919
553
929
817
928
446
745
166
232
207
473
403
78
607
447
627
724
764
659
779
47
220
441
122
588
224
897
459
295
417
558
912
500
90
172
881
518
602
265
64
255
307
119
454
827
748
145
927
